SRR1161550 <- c(0.00686479654715,0.0206118706614,0.0281514345799,0.0323521236817,0.0345145258536,0.0305812963575,0.0318888766522,0.0166821373694,0.017007284341,0.00692772821909,0.0,0.00493489194107,0.00738398284063,0.010000891532,0.0139341210281,0.0233948490427,0.0224456296576,0.0123363558017,0.0125775938774,0.016012614304,0.0186470040154,0.0238930581122,0.0423425266017,0.0345285106695,0.0480378429121,0.0429228964652,0.0465781777435,0.0452268948989,0.0438091841783,0.0546823786074,0.0596434920785,0.0628565035513,0.0645137042456,0.0576611444125,0.068128779178,0.0565843135815,0.048086789768,0.0525217245376,0.060127716332,0.070102386334,0.0693157404348,0.0765441421976,0.0769025031073,0.0887546346554,0.0832323804429,0.0878491178203,0.0790491723611,0.0774426666247,0.0841116757481,0.0960214946622,0.106898185295,0.09215294494,0.0893122791929,0.095170168989,0.0959882807242,0.107614907115,0.100718644731,0.102045454148,0.103034879879,0.106081821662,0.105831843076,0.113589919745,0.116012789114,0.130967801709,0.145608155945,0.151586664779,0.16024851018,0.169700497685,0.175909755982,0.169399824141,0.181491445663,0.191768537311,0.206022561004,0.231298367797,0.270462844966,0.296764787632,0.304533352912,0.306784908286,0.329749724237,0.319011133662,0.340371191978,0.360745320768,0.386211670679,0.389602988555,0.406304355047,0.413849163271,0.444944401616,0.452737440324,0.47093867833,0.484461995389,0.491931635227,0.511422972508,0.537770365825,0.562201839353,0.629416361186,0.701335025496,0.792598186519,0.903153401195,1.0,0.969467650498)
SRR1161549 <- c(0.00737376519313,0.0213816672643,0.0286878785832,0.0330546302984,0.0356008917111,0.0322301266029,0.0325730924258,0.0176610077306,0.0179017766669,0.00695112044163,0.0,0.00489678980525,0.00720401443228,0.00945407808881,0.013898776582,0.0228591917439,0.0223915110762,0.012057500472,0.0118236601382,0.0163272517525,0.0186899051994,0.0237824280248,0.0414261142492,0.0340350275499,0.0468702636506,0.0424463509649,0.0460648136119,0.0443673060035,0.0432431402505,0.0536135260178,0.0593625339285,0.0626969238737,0.0640428049061,0.0570241305903,0.0672940516216,0.0550338895269,0.0469984427966,0.0513773195662,0.058889656809,0.0696099370017,0.0683125561866,0.0756880535304,0.076936934128,0.0890446669681,0.0842448775976,0.0889909702988,0.0804341462316,0.0797239644771,0.085453918731,0.0967198263692,0.108032502074,0.0931879712532,0.0902814225114,0.0957342326659,0.097712348675,0.10969363452,0.101398365196,0.10391864435,0.10523161452,0.107717250661,0.106717799753,0.113776313533,0.115615857493,0.13042401315,0.145010453529,0.151180374041,0.159534536485,0.168262843464,0.173686207058,0.167926806243,0.179809359503,0.189292884152,0.203550215913,0.229579243293,0.26770734276,0.293571815831,0.300971563283,0.304063452142,0.327930755547,0.316735866084,0.337968568395,0.357578245574,0.383049520454,0.387416272169,0.406417964481,0.412645045963,0.442360089864,0.452013365274,0.468512099938,0.482379697809,0.490319876255,0.509205514475,0.533750088773,0.560778567061,0.628117654599,0.697992610645,0.78733520752,0.897602183896,1.0,0.976387322736)
SRR1161564 <- c(0.00760925893937,0.010027638625,0.0231603040249,0.0438504059423,0.0367896009674,0.0358352046986,0.0289082743134,0.0213292451201,0.0109172568665,0.00588616341337,0.0117420970807,0.00788564518915,0.010848160304,0.020422352738,0.0128778718259,0.00802383831404,0.0017965106236,0.0,0.00287614441182,0.00654689929176,0.0144930039731,0.014972361375,0.041216099499,0.0163758852997,0.0205130419762,0.0182630851615,0.0287096216963,0.0371048540335,0.0325272067715,0.038927275868,0.0479573328727,0.0472059077561,0.040028502332,0.0237130765244,0.0220763517015,0.0129642425289,0.00931939885991,0.00512178269131,0.012541026084,0.0131585766108,0.0161642770772,0.0265158058387,0.0264251166004,0.0305622732769,0.0345741924339,0.0379858352047,0.0348894455001,0.0402703403006,0.0373682846778,0.0651580583866,0.10396441527,0.0674943859043,0.0388581793056,0.0354681292106,0.0366686819831,0.0573976507169,0.0541371566765,0.0513430644325,0.054292623942,0.054068060114,0.057937467611,0.066328381413,0.0731214372085,0.0741837968561,0.0788262221454,0.0813525652099,0.0913370184833,0.106818967006,0.0982509932631,0.0858827085852,0.0923777854552,0.0981516669546,0.113024702021,0.142459837623,0.150211608222,0.163024702021,0.167135947487,0.188111072724,0.202962515115,0.194670927621,0.209777163586,0.234695111418,0.264743479012,0.272534116428,0.287994472275,0.305760925894,0.327124719295,0.348803765763,0.374814302988,0.398920366212,0.394299533598,0.421856106409,0.463944550009,0.522279322854,0.582885645189,0.664674382449,0.77669286578,0.884435999309,1.0,0.951334427362)
SRR1161563 <- c(0.00777166079089,0.0111234608638,0.0246956461333,0.0427745263194,0.0355021621715,0.0348465639708,0.0279736371373,0.0215175144579,0.0105633802817,0.00494520762057,0.00983831472187,0.00622601205259,0.0102073600667,0.0182785988434,0.00986870669144,0.00659071568747,0.000959517896528,0.0,0.00250082492489,0.00569632344002,0.0129165870687,0.0136199440788,0.038602143068,0.0155520050016,0.0196115037947,0.0168762265331,0.026705857835,0.0364529966482,0.0323978395651,0.0381896806238,0.0468166582727,0.0465995727757,0.0396571785832,0.0232541984335,0.0223815147358,0.0134810093607,0.00932165123912,0.00382938816624,0.010611139091,0.012178496379,0.0163639047603,0.0254511036627,0.0256421389,0.0294454768066,0.0338523123947,0.0365050971675,0.0345383025651,0.0411550685122,0.0388713290842,0.0667581320227,0.105768395825,0.0692763237874,0.038606484778,0.0351504836665,0.0378597106684,0.0568242996822,0.0532423889825,0.0492436741286,0.0522394539866,0.0515534638162,0.0561122592522,0.06410100554,0.0703487261423,0.0704095100815,0.0753156423126,0.0777252913287,0.0888834858721,0.103189420121,0.0962557093486,0.0840902380994,0.0907677879856,0.096655146663,0.110948055782,0.14245584481,0.151091505879,0.161976172696,0.16597922926,0.186077004567,0.200573974054,0.194126534794,0.209878258453,0.23288932113,0.263194456505,0.266884909953,0.286066584464,0.30484447995,0.324225873118,0.344445216304,0.369084420208,0.394652750039,0.388973793439,0.413951650718,0.457885413591,0.516637432486,0.580794880256,0.665054445043,0.774964832149,0.885695802435,1.0,0.948064465709)
SRR1161562 <- c(0.0128910976857,0.0288989207557,0.0480056083196,0.0649645238063,0.0457328100092,0.0536943019294,0.0500596107219,0.0369497171281,0.00339356918639,0.0,0.0150656610985,0.0135385549647,0.0135028331837,0.0157041879323,0.00333998651503,0.00637633789233,0.021174085634,0.0288230119713,0.0196291186097,0.0136725116431,0.0198255884047,0.0269565489187,0.0633883002237,0.0397583421521,0.0536630453711,0.0507427897818,0.06589329011,0.0821913526499,0.0651118761526,0.077855621492,0.0880899117225,0.0788111791313,0.0683268364344,0.0481842172241,0.0398699727175,0.0287024509607,0.0240854107782,0.0228574745594,0.0284568637169,0.0257554040357,0.0217456341286,0.0382535621313,0.0425758976214,0.0459605363625,0.0491621009765,0.0527655356258,0.0606332578711,0.0749264354574,0.0664782342724,0.0891883564855,0.131603506093,0.0826244792434,0.0598429134685,0.0572039669038,0.0646832147817,0.0865628055887,0.070077203699,0.0884783860899,0.104575513612,0.108821940318,0.105004174983,0.115810013708,0.121985416583,0.126071095274,0.131125727273,0.125673690462,0.134970283944,0.161493706269,0.155461190518,0.14427580787,0.153523283903,0.161337423477,0.171040352217,0.192419838091,0.204605430604,0.215688113131,0.225797377128,0.236571959295,0.240126276496,0.236679124638,0.255464316173,0.278946921899,0.327653570169,0.329171745857,0.340276754498,0.356445325582,0.394524744031,0.398114783013,0.415435381531,0.431286921809,0.407393515604,0.423990748059,0.462413988649,0.508566529584,0.592843141195,0.676704487102,0.76253053096,0.884998191585,1.0,0.921849673815)
